{"categories": [{"id": 1, "name": "BoxA"}, {"id": 2, "name": "BoxB"}, {"id": 3, "name": "BoxC"}, {"id": 4, "name": "BoxD"}, {"id": 5, "name": "BoxF"}, {"id": 6, "name": "BoxH"}, {"id": 7, "name": "RackA"}], "annotations": [{"id": 1, "iscrowd": 0, "segmentation": "./masks/BoxA/0.png", "model": "./models/BoxA/model.obj", "category_id": 1, "K": [2666.6666666666665, 960.0, 540.0], "bbox": [816.0, 506.0, 394.0, 387.0], "trans_mat": [0.05, 0.11, 8.27], "area": 116973, "image_id": 1, "rot_mat": [[-0.8252366185188293, 0.5645979046821594, -0.014619189314544201], [-0.23507453501224518, -0.3668990135192871, -0.9000694751739502], [-0.5135411024093628, -0.7393336892127991, 0.4355010986328125]], "voxel": "./models/BoxA/model.mat"}, {"id": 2, "iscrowd": 0, "segmentation": "./masks/BoxA/1.png", "model": "./models/BoxA/model.obj", "category_id": 1, "K": [2666.6666666666665, 960.0, 540.0], "bbox": [364.0, 247.0, 778.0, 576.0], "trans_mat": [0.87, -0.35, 4.37], "area": 338467, "image_id": 2, "rot_mat": [[-0.9126750230789185, 0.13366353511810303, -0.38621020317077637], [0.17410248517990112, 0.9821263551712036, -0.0715271383523941], [0.3697466552257538, -0.13252119719982147, -0.9196333885192871]], "voxel": "./models/BoxA/model.mat"}, {"id": 3, "iscrowd": 0, "segmentation": "./masks/BoxA/2.png", "model": "./models/BoxA/model.obj", "category_id": 1, "K": [2666.6666666666665, 960.0, 540.0], "bbox": [431.0, 374.0, 814.0, 604.0], "trans_mat": [0.87, -0.35, 4.37], "area": 380101, "image_id": 3, "rot_mat": [[-0.8094671964645386, -0.2815244793891907, -0.5152735710144043], [-0.06512806564569473, 0.9151955246925354, -0.3977128267288208], [0.5835419297218323, -0.28837671875953674, -0.7591558694839478]], "voxel": "./models/BoxA/model.mat"}, {"id": 4, "iscrowd": 0, "segmentation": "./masks/BoxA/3.png", "model": "./models/BoxA/model.obj", "category_id": 1, "K": [2666.6666666666665, 960.0, 540.0], "bbox": [551.0, 76.0, 570.0, 463.0], "trans_mat": [0.0, 0.0, 5.62], "area": 174256, "image_id": 4, "rot_mat": [[0.5210095643997192, 0.6785853505134583, -0.5177556872367859], [0.0, 0.6065903306007385, 0.7950145602226257], [0.8535508513450623, -0.4142102003097534, 0.3160393536090851]], "voxel": "./models/BoxA/model.mat"}, {"id": 5, "iscrowd": 0, "segmentation": "./masks/BoxA/4.png", "model": "./models/BoxA/model.obj", "category_id": 1, "K": [2666.6666666666665, 960.0, 540.0], "bbox": [30.0, 62.0, 543.0, 464.0], "trans_mat": [1.2, 0.03, 5.62], "area": 153861, "image_id": 5, "rot_mat": [[0.5210095643997192, 0.6785853505134583, -0.5177556872367859], [0.0, 0.6065903306007385, 0.7950145602226257], [0.8535508513450623, -0.4142102003097534, 0.3160393536090851]], "voxel": "./models/BoxA/model.mat"}, {"id": 6, "iscrowd": 0, "segmentation": "./masks/BoxA/5.png", "model": "./models/BoxA/model.obj", "category_id": 1, "K": [2666.6666666666665, 960.0, 540.0], "bbox": [352.0, 485.0, 534.0, 500.0], "trans_mat": [1.19, -0.95, 5.67], "area": 215214, "image_id": 6, "rot_mat": [[-0.9344508051872253, 0.28952282667160034, -0.2073119729757309], [0.09327080845832825, 0.7608634233474731, 0.6421740055084229], [0.3436601161956787, 0.5807438492774963, -0.7379934787750244]], "voxel": "./models/BoxA/model.mat"}, {"id": 7, "iscrowd": 0, "segmentation": "./masks/BoxA/6.png", "model": "./models/BoxA/model.obj", "category_id": 1, "K": [2666.6666666666665, 960.0, 540.0], "bbox": [1194.0, 80.0, 615.0, 487.0], "trans_mat": [-0.72, -0.06, 5.67], "area": 228264, "image_id": 7, "rot_mat": [[-0.9344508051872253, 0.28952282667160034, -0.2073119729757309], [0.09327080845832825, 0.7608634233474731, 0.6421740055084229], [0.3436601161956787, 0.5807438492774963, -0.7379934787750244]], "voxel": "./models/BoxA/model.mat"}, {"id": 8, "iscrowd": 0, "segmentation": "./masks/BoxA/7.png", "model": "./models/BoxA/model.obj", "category_id": 1, "K": [2666.6666666666665, 960.0, 540.0], "bbox": [1233.0, 61.0, 583.0, 506.0], "trans_mat": [-0.72, -0.06, 5.67], "area": 236133, "image_id": 8, "rot_mat": [[-0.9884610772132874, 0.14877787232398987, -0.028457116335630417], [0.09866176545619965, 0.774911642074585, 0.6243218183517456], [0.11493702977895737, 0.6143102049827576, -0.7806487083435059]], "voxel": "./models/BoxA/model.mat"}, {"id": 9, "iscrowd": 0, "segmentation": "./masks/BoxA/8.png", "model": "./models/BoxA/model.obj", "category_id": 1, "K": [2666.6666666666665, 960.0, 540.0], "bbox": [1233.0, 477.0, 583.0, 504.0], "trans_mat": [-0.72, -0.94, 5.67], "area": 230172, "image_id": 9, "rot_mat": [[-0.9884610772132874, 0.14877787232398987, -0.028457116335630417], [0.09866176545619965, 0.774911642074585, 0.6243218183517456], [0.11493702977895737, 0.6143102049827576, -0.7806487083435059]], "voxel": "./models/BoxA/model.mat"}, {"id": 10, "iscrowd": 0, "segmentation": "./masks/BoxA/9.png", "model": "./models/BoxA/model.obj", "category_id": 1, "K": [2666.6666666666665, 960.0, 540.0], "bbox": [962.0, 205.0, 565.0, 542.0], "trans_mat": [0.0, 0.0, 6.22], "area": 189483, "image_id": 10, "rot_mat": [[-0.7970553040504456, -0.33815982937812805, -0.5003506541252136], [-0.5355993509292603, 0.7785919904708862, 0.32699820399284363], [0.27899137139320374, 0.5286231637001038, -0.8016990423202515]], "voxel": "./models/BoxA/model.mat"}, {"id": 11, "iscrowd": 0, "segmentation": "./masks/BoxA/10.png", "model": "./models/BoxA/model.obj", "category_id": 1, "K": [2666.6666666666665, 960.0, 540.0], "bbox": [361.0, 412.0, 488.0, 379.0], "trans_mat": [1.4, -0.4, 6.22], "area": 150691, "image_id": 11, "rot_mat": [[-0.4319303035736084, -0.05529102683067322, -0.9002106189727783], [-0.2783600687980652, 0.9575639367103577, 0.07474634796380997], [0.8578763604164124, 0.2828679084777832, -0.4289916753768921]], "voxel": "./models/BoxA/model.mat"}, {"id": 12, "iscrowd": 0, "segmentation": "./masks/BoxA/11.png", "model": "./models/BoxA/model.obj", "category_id": 1, "K": [2666.6666666666665, 960.0, 540.0], "bbox": [431.0, 441.0, 816.0, 615.0], "trans_mat": [0.87, -0.45, 4.37], "area": 386203, "image_id": 12, "rot_mat": [[-0.8094671964645386, -0.2917729616165161, -0.5095403790473938], [-0.06512806564569473, 0.9070587754249573, -0.4159359931945801], [0.5835419297218323, -0.303501158952713, -0.7532368898391724]], "voxel": "./models/BoxA/model.mat"}, {"id": 13, "iscrowd": 0, "segmentation": "./masks/BoxA/12.png", "model": "./models/BoxA/model.obj", "category_id": 1, "K": [2666.6666666666665, 960.0, 540.0], "bbox": [614.0, 78.0, 526.0, 461.0], "trans_mat": [0.0, 0.0, 5.62], "area": 148751, "image_id": 13, "rot_mat": [[0.34104976058006287, 0.7473496794700623, -0.5702223181724548], [0.0, 0.6065903306007385, 0.7950145602226257], [0.9400452375411987, -0.271139532327652, 0.20687748491764069]], "voxel": "./models/BoxA/model.mat"}, {"id": 14, "iscrowd": 0, "segmentation": "./masks/BoxA/13.png", "model": "./models/BoxA/model.obj", "category_id": 1, "K": [2666.6666666666665, 960.0, 540.0], "bbox": [18.0, 54.0, 539.0, 464.0], "trans_mat": [1.2, 0.05, 5.62], "area": 154861, "image_id": 14, "rot_mat": [[0.5210095643997192, 0.7131367921829224, -0.46902549266815186], [0.0, 0.5494992136955261, 0.8354942202568054], [0.8535508513450623, -0.4353004992008209, 0.2862943410873413]], "voxel": "./models/BoxA/model.mat"}, {"id": 15, "iscrowd": 0, "segmentation": "./masks/BoxA/14.png", "model": "./models/BoxA/model.obj", "category_id": 1, "K": [2666.6666666666665, 960.0, 540.0], "bbox": [962.0, 195.0, 571.0, 562.0], "trans_mat": [0.0, 0.0, 6.22], "area": 188677, "image_id": 15, "rot_mat": [[-0.8203031420707703, -0.3763574957847595, -0.4306480586528778], [-0.5512213110923767, 0.7210366725921631, 0.4198346734046936], [0.15250511467456818, 0.581774115562439, -0.7989249229431152]], "voxel": "./models/BoxA/model.mat"}, {"id": 16, "iscrowd": 0, "segmentation": "./masks/BoxA/15.png", "model": "./models/BoxA/model.obj", "category_id": 1, "K": [2666.6666666666665, 960.0, 540.0], "bbox": [362.0, 369.0, 535.0, 505.0], "trans_mat": [1.4, -0.4, 6.22], "area": 179273, "image_id": 16, "rot_mat": [[-0.7247693538665771, -0.12015554308891296, -0.6784335374832153], [-0.4670819342136383, 0.8095552921295166, 0.3556046485900879], [0.5065016150474548, 0.5746154189109802, -0.6428633332252502]], "voxel": "./models/BoxA/model.mat"}, {"id": 17, "iscrowd": 0, "segmentation": "./masks/BoxB/0.png", "model": "./models/BoxB/model.obj", "category_id": 2, "K": [2666.6666666666665, 960.0, 540.0], "bbox": [743.0, 507.0, 412.0, 376.0], "trans_mat": [0.05, 0.11, 8.27], "area": 111563, "image_id": 17, "rot_mat": [[-0.8252366185188293, 0.5645979046821594, -0.014619189314544201], [-0.23507453501224518, -0.3668990135192871, -0.9000694751739502], [-0.5135411024093628, -0.7393336892127991, 0.4355010986328125]], "voxel": "./models/BoxB/model.mat"}, {"id": 18, "iscrowd": 0, "segmentation": "./masks/BoxB/1.png", "model": "./models/BoxB/model.obj", "category_id": 2, "K": [2666.6666666666665, 960.0, 540.0], "bbox": [332.0, 48.0, 655.0, 759.0], "trans_mat": [0.87, -0.35, 4.37], "area": 387991, "image_id": 18, "rot_mat": [[-0.9126750230789185, 0.13366353511810303, -0.38621020317077637], [0.17410248517990112, 0.9821263551712036, -0.0715271383523941], [0.3697466552257538, -0.13252119719982147, -0.9196333885192871]], "voxel": "./models/BoxB/model.mat"}, {"id": 19, "iscrowd": 0, "segmentation": "./masks/BoxB/2.png", "model": "./models/BoxB/model.obj", "category_id": 2, "K": [2666.6666666666665, 960.0, 540.0], "bbox": [434.0, 163.0, 736.0, 763.0], "trans_mat": [0.87, -0.35, 4.37], "area": 414008, "image_id": 19, "rot_mat": [[-0.8094671964645386, -0.2815244793891907, -0.5152735710144043], [-0.06512806564569473, 0.9151955246925354, -0.3977128267288208], [0.5835419297218323, -0.28837671875953674, -0.7591558694839478]], "voxel": "./models/BoxB/model.mat"}, {"id": 20, "iscrowd": 0, "segmentation": "./masks/BoxB/3.png", "model": "./models/BoxB/model.obj", "category_id": 2, "K": [2666.6666666666665, 960.0, 540.0], "bbox": [469.0, 15.0, 622.0, 523.0], "trans_mat": [0.0, 0.0, 5.62], "area": 189541, "image_id": 20, "rot_mat": [[0.5210095643997192, 0.6785853505134583, -0.5177556872367859], [0.0, 0.6065903306007385, 0.7950145602226257], [0.8535508513450623, -0.4142102003097534, 0.3160393536090851]], "voxel": "./models/BoxB/model.mat"}, {"id": 21, "iscrowd": 0, "segmentation": "./masks/BoxB/4.png", "model": "./models/BoxB/model.obj", "category_id": 2, "K": [2666.6666666666665, 960.0, 540.0], "bbox": [0.0, 0.0, 539.0, 524.0], "trans_mat": [1.2, 0.03, 5.62], "area": 167066, "image_id": 21, "rot_mat": [[0.5210095643997192, 0.6785853505134583, -0.5177556872367859], [0.0, 0.6065903306007385, 0.7950145602226257], [0.8535508513450623, -0.4142102003097534, 0.3160393536090851]], "voxel": "./models/BoxB/model.mat"}, {"id": 22, "iscrowd": 0, "segmentation": "./masks/BoxB/5.png", "model": "./models/BoxB/model.obj", "category_id": 2, "K": [2666.6666666666665, 960.0, 540.0], "bbox": [331.0, 429.0, 453.0, 555.0], "trans_mat": [1.19, -0.95, 5.67], "area": 200265, "image_id": 22, "rot_mat": [[-0.9344508051872253, 0.28952282667160034, -0.2073119729757309], [0.09327080845832825, 0.7608634233474731, 0.6421740055084229], [0.3436601161956787, 0.5807438492774963, -0.7379934787750244]], "voxel": "./models/BoxB/model.mat"}, {"id": 23, "iscrowd": 0, "segmentation": "./masks/BoxB/6.png", "model": "./models/BoxB/model.obj", "category_id": 2, "K": [2666.6666666666665, 960.0, 540.0], "bbox": [1146.0, 40.0, 561.0, 526.0], "trans_mat": [-0.72, -0.06, 5.67], "area": 213022, "image_id": 23, "rot_mat": [[-0.9344508051872253, 0.28952282667160034, -0.2073119729757309], [0.09327080845832825, 0.7608634233474731, 0.6421740055084229], [0.3436601161956787, 0.5807438492774963, -0.7379934787750244]], "voxel": "./models/BoxB/model.mat"}, {"id": 24, "iscrowd": 0, "segmentation": "./masks/BoxB/7.png", "model": "./models/BoxB/model.obj", "category_id": 2, "K": [2666.6666666666665, 960.0, 540.0], "bbox": [1204.0, 22.0, 501.0, 544.0], "trans_mat": [-0.72, -0.06, 5.67], "area": 211350, "image_id": 24, "rot_mat": [[-0.9884610772132874, 0.14877787232398987, -0.028457116335630417], [0.09866176545619965, 0.774911642074585, 0.6243218183517456], [0.11493702977895737, 0.6143102049827576, -0.7806487083435059]], "voxel": "./models/BoxB/model.mat"}, {"id": 25, "iscrowd": 0, "segmentation": "./masks/BoxB/8.png", "model": "./models/BoxB/model.obj", "category_id": 2, "K": [2666.6666666666665, 960.0, 540.0], "bbox": [1204.0, 417.0, 501.0, 563.0], "trans_mat": [-0.72, -0.94, 5.67], "area": 214434, "image_id": 25, "rot_mat": [[-0.9884610772132874, 0.14877787232398987, -0.028457116335630417], [0.09866176545619965, 0.774911642074585, 0.6243218183517456], [0.11493702977895737, 0.6143102049827576, -0.7806487083435059]], "voxel": "./models/BoxB/model.mat"}, {"id": 26, "iscrowd": 0, "segmentation": "./masks/BoxB/9.png", "model": "./models/BoxB/model.obj", "category_id": 2, "K": [2666.6666666666665, 960.0, 540.0], "bbox": [964.0, 132.0, 501.0, 574.0], "trans_mat": [0.0, 0.0, 6.22], "area": 176597, "image_id": 26, "rot_mat": [[-0.7970553040504456, -0.33815982937812805, -0.5003506541252136], [-0.5355993509292603, 0.7785919904708862, 0.32699820399284363], [0.27899137139320374, 0.5286231637001038, -0.8016990423202515]], "voxel": "./models/BoxB/model.mat"}, {"id": 27, "iscrowd": 0, "segmentation": "./masks/BoxB/10.png", "model": "./models/BoxB/model.obj", "category_id": 2, "K": [2666.6666666666665, 960.0, 540.0], "bbox": [363.0, 280.0, 404.0, 496.0], "trans_mat": [1.4, -0.4, 6.22], "area": 165235, "image_id": 27, "rot_mat": [[-0.4319303035736084, -0.05529102683067322, -0.9002106189727783], [-0.2783600687980652, 0.9575639367103577, 0.07474634796380997], [0.8578763604164124, 0.2828679084777832, -0.4289916753768921]], "voxel": "./models/BoxB/model.mat"}, {"id": 28, "iscrowd": 0, "segmentation": "./masks/BoxB/11.png", "model": "./models/BoxB/model.obj", "category_id": 2, "K": [2666.6666666666665, 960.0, 540.0], "bbox": [434.0, 232.0, 741.0, 768.0], "trans_mat": [0.87, -0.45, 4.37], "area": 416836, "image_id": 28, "rot_mat": [[-0.8094671964645386, -0.2917729616165161, -0.5095403790473938], [-0.06512806564569473, 0.9070587754249573, -0.4159359931945801], [0.5835419297218323, -0.303501158952713, -0.7532368898391724]], "voxel": "./models/BoxB/model.mat"}, {"id": 29, "iscrowd": 0, "segmentation": "./masks/BoxB/12.png", "model": "./models/BoxB/model.obj", "category_id": 2, "K": [2666.6666666666665, 960.0, 540.0], "bbox": [515.0, 23.0, 591.0, 515.0], "trans_mat": [0.0, 0.0, 5.62], "area": 164395, "image_id": 29, "rot_mat": [[0.34104976058006287, 0.7473496794700623, -0.5702223181724548], [0.0, 0.6065903306007385, 0.7950145602226257], [0.9400452375411987, -0.271139532327652, 0.20687748491764069]], "voxel": "./models/BoxB/model.mat"}, {"id": 30, "iscrowd": 0, "segmentation": "./masks/BoxB/13.png", "model": "./models/BoxB/model.obj", "category_id": 2, "K": [2666.6666666666665, 960.0, 540.0], "bbox": [0.0, 4.0, 525.0, 512.0], "trans_mat": [1.2, 0.05, 5.62], "area": 163273, "image_id": 30, "rot_mat": [[0.5210095643997192, 0.7131367921829224, -0.46902549266815186], [0.0, 0.5494992136955261, 0.8354942202568054], [0.8535508513450623, -0.4353004992008209, 0.2862943410873413]], "voxel": "./models/BoxB/model.mat"}, {"id": 31, "iscrowd": 0, "segmentation": "./masks/BoxB/14.png", "model": "./models/BoxB/model.obj", "category_id": 2, "K": [2666.6666666666665, 960.0, 540.0], "bbox": [964.0, 138.0, 510.0, 575.0], "trans_mat": [0.0, 0.0, 6.22], "area": 169750, "image_id": 31, "rot_mat": [[-0.8203031420707703, -0.3763574957847595, -0.4306480586528778], [-0.5512213110923767, 0.7210366725921631, 0.4198346734046936], [0.15250511467456818, 0.581774115562439, -0.7989249229431152]], "voxel": "./models/BoxB/model.mat"}, {"id": 32, "iscrowd": 0, "segmentation": "./masks/BoxB/15.png", "model": "./models/BoxB/model.obj", "category_id": 2, "K": [2666.6666666666665, 960.0, 540.0], "bbox": [363.0, 286.0, 463.0, 556.0], "trans_mat": [1.4, -0.4, 6.22], "area": 172565, "image_id": 32, "rot_mat": [[-0.7247693538665771, -0.12015554308891296, -0.6784335374832153], [-0.4670819342136383, 0.8095552921295166, 0.3556046485900879], [0.5065016150474548, 0.5746154189109802, -0.6428633332252502]], "voxel": "./models/BoxB/model.mat"}, {"id": 33, "iscrowd": 0, "segmentation": "./masks/BoxC/0.png", "model": "./models/BoxC/model.obj", "category_id": 3, "K": [2666.6666666666665, 960.0, 540.0], "bbox": [656.0, 507.0, 570.0, 476.0], "trans_mat": [0.05, 0.11, 8.27], "area": 185287, "image_id": 33, "rot_mat": [[-0.8252366185188293, 0.5645979046821594, -0.014619189314544201], [-0.23507453501224518, -0.3668990135192871, -0.9000694751739502], [-0.5135411024093628, -0.7393336892127991, 0.4355010986328125]], "voxel": "./models/BoxC/model.mat"}, {"id": 34, "iscrowd": 0, "segmentation": "./masks/BoxC/1.png", "model": "./models/BoxC/model.obj", "category_id": 3, "K": [2666.6666666666665, 960.0, 540.0], "bbox": [306.0, 0.0, 827.0, 809.0], "trans_mat": [0.87, -0.35, 4.37], "area": 544115, "image_id": 34, "rot_mat": [[-0.9126750230789185, 0.13366353511810303, -0.38621020317077637], [0.17410248517990112, 0.9821263551712036, -0.0715271383523941], [0.3697466552257538, -0.13252119719982147, -0.9196333885192871]], "voxel": "./models/BoxC/model.mat"}, {"id": 35, "iscrowd": 0, "segmentation": "./masks/BoxC/2.png", "model": "./models/BoxC/model.obj", "category_id": 3, "K": [2666.6666666666665, 960.0, 540.0], "bbox": [433.0, 0.0, 938.0, 934.0], "trans_mat": [0.87, -0.35, 4.37], "area": 661434, "image_id": 35, "rot_mat": [[-0.8094671964645386, -0.2815244793891907, -0.5152735710144043], [-0.06512806564569473, 0.9151955246925354, -0.3977128267288208], [0.5835419297218323, -0.28837671875953674, -0.7591558694839478]], "voxel": "./models/BoxC/model.mat"}, {"id": 36, "iscrowd": 0, "segmentation": "./masks/BoxC/3.png", "model": "./models/BoxC/model.obj", "category_id": 3, "K": [2666.6666666666665, 960.0, 540.0], "bbox": [299.0, 0.0, 795.0, 538.0], "trans_mat": [0.0, 0.0, 5.62], "area": 266546, "image_id": 36, "rot_mat": [[0.5210095643997192, 0.6785853505134583, -0.5177556872367859], [0.0, 0.6065903306007385, 0.7950145602226257], [0.8535508513450623, -0.4142102003097534, 0.3160393536090851]], "voxel": "./models/BoxC/model.mat"}, {"id": 37, "iscrowd": 0, "segmentation": "./masks/BoxC/4.png", "model": "./models/BoxC/model.obj", "category_id": 3, "K": [2666.6666666666665, 960.0, 540.0], "bbox": [0.0, 0.0, 543.0, 526.0], "trans_mat": [1.2, 0.03, 5.62], "area": 190657, "image_id": 37, "rot_mat": [[0.5210095643997192, 0.6785853505134583, -0.5177556872367859], [0.0, 0.6065903306007385, 0.7950145602226257], [0.8535508513450623, -0.4142102003097534, 0.3160393536090851]], "voxel": "./models/BoxC/model.mat"}, {"id": 38, "iscrowd": 0, "segmentation": "./masks/BoxC/5.png", "model": "./models/BoxC/model.obj", "category_id": 3, "K": [2666.6666666666665, 960.0, 540.0], "bbox": [305.0, 299.0, 592.0, 685.0], "trans_mat": [1.19, -0.95, 5.67], "area": 317495, "image_id": 38, "rot_mat": [[-0.9344508051872253, 0.28952282667160034, -0.2073119729757309], [0.09327080845832825, 0.7608634233474731, 0.6421740055084229], [0.3436601161956787, 0.5807438492774963, -0.7379934787750244]], "voxel": "./models/BoxC/model.mat"}, {"id": 39, "iscrowd": 0, "segmentation": "./masks/BoxC/6.png", "model": "./models/BoxC/model.obj", "category_id": 3, "K": [2666.6666666666665, 960.0, 540.0], "bbox": [1093.0, 0.0, 714.0, 565.0], "trans_mat": [-0.72, -0.06, 5.67], "area": 294967, "image_id": 39, "rot_mat": [[-0.9344508051872253, 0.28952282667160034, -0.2073119729757309], [0.09327080845832825, 0.7608634233474731, 0.6421740055084229], [0.3436601161956787, 0.5807438492774963, -0.7379934787750244]], "voxel": "./models/BoxC/model.mat"}, {"id": 40, "iscrowd": 0, "segmentation": "./masks/BoxC/7.png", "model": "./models/BoxC/model.obj", "category_id": 3, "K": [2666.6666666666665, 960.0, 540.0], "bbox": [1171.0, 0.0, 653.0, 566.0], "trans_mat": [-0.72, -0.06, 5.67], "area": 293100, "image_id": 40, "rot_mat": [[-0.9884610772132874, 0.14877787232398987, -0.028457116335630417], [0.09866176545619965, 0.774911642074585, 0.6243218183517456], [0.11493702977895737, 0.6143102049827576, -0.7806487083435059]], "voxel": "./models/BoxC/model.mat"}, {"id": 41, "iscrowd": 0, "segmentation": "./masks/BoxC/8.png", "model": "./models/BoxC/model.obj", "category_id": 3, "K": [2666.6666666666665, 960.0, 540.0], "bbox": [1171.0, 280.0, 653.0, 700.0], "trans_mat": [-0.72, -0.94, 5.67], "area": 341697, "image_id": 41, "rot_mat": [[-0.9884610772132874, 0.14877787232398987, -0.028457116335630417], [0.09866176545619965, 0.774911642074585, 0.6243218183517456], [0.11493702977895737, 0.6143102049827576, -0.7806487083435059]], "voxel": "./models/BoxC/model.mat"}, {"id": 42, "iscrowd": 0, "segmentation": "./masks/BoxC/9.png", "model": "./models/BoxC/model.obj", "category_id": 3, "K": [2666.6666666666665, 960.0, 540.0], "bbox": [964.0, 20.0, 612.0, 737.0], "trans_mat": [0.0, 0.0, 6.22], "area": 277826, "image_id": 42, "rot_mat": [[-0.7970553040504456, -0.33815982937812805, -0.5003506541252136], [-0.5355993509292603, 0.7785919904708862, 0.32699820399284363], [0.27899137139320374, 0.5286231637001038, -0.8016990423202515]], "voxel": "./models/BoxC/model.mat"}, {"id": 43, "iscrowd": 0, "segmentation": "./masks/BoxC/10.png", "model": "./models/BoxC/model.obj", "category_id": 3, "K": [2666.6666666666665, 960.0, 540.0], "bbox": [363.0, 133.0, 464.0, 661.0], "trans_mat": [1.4, -0.4, 6.22], "area": 249346, "image_id": 43, "rot_mat": [[-0.4319303035736084, -0.05529102683067322, -0.9002106189727783], [-0.2783600687980652, 0.9575639367103577, 0.07474634796380997], [0.8578763604164124, 0.2828679084777832, -0.4289916753768921]], "voxel": "./models/BoxC/model.mat"}, {"id": 44, "iscrowd": 0, "segmentation": "./masks/BoxC/11.png", "model": "./models/BoxC/model.obj", "category_id": 3, "K": [2666.6666666666665, 960.0, 540.0], "bbox": [433.0, 0.0, 947.0, 1009.0], "trans_mat": [0.87, -0.45, 4.37], "area": 679884, "image_id": 44, "rot_mat": [[-0.8094671964645386, -0.2917729616165161, -0.5095403790473938], [-0.06512806564569473, 0.9070587754249573, -0.4159359931945801], [0.5835419297218323, -0.303501158952713, -0.7532368898391724]], "voxel": "./models/BoxC/model.mat"}, {"id": 45, "iscrowd": 0, "segmentation": "./masks/BoxC/12.png", "model": "./models/BoxC/model.obj", "category_id": 3, "K": [2666.6666666666665, 960.0, 540.0], "bbox": [365.0, 0.0, 745.0, 538.0], "trans_mat": [0.0, 0.0, 5.62], "area": 231645, "image_id": 45, "rot_mat": [[0.34104976058006287, 0.7473496794700623, -0.5702223181724548], [0.0, 0.6065903306007385, 0.7950145602226257], [0.9400452375411987, -0.271139532327652, 0.20687748491764069]], "voxel": "./models/BoxC/model.mat"}, {"id": 46, "iscrowd": 0, "segmentation": "./masks/BoxC/13.png", "model": "./models/BoxC/model.obj", "category_id": 3, "K": [2666.6666666666665, 960.0, 540.0], "bbox": [0.0, 0.0, 529.0, 517.0], "trans_mat": [1.2, 0.05, 5.62], "area": 182542, "image_id": 46, "rot_mat": [[0.5210095643997192, 0.7131367921829224, -0.46902549266815186], [0.0, 0.5494992136955261, 0.8354942202568054], [0.8535508513450623, -0.4353004992008209, 0.2862943410873413]], "voxel": "./models/BoxC/model.mat"}, {"id": 47, "iscrowd": 0, "segmentation": "./masks/BoxC/14.png", "model": "./models/BoxC/model.obj", "category_id": 3, "K": [2666.6666666666665, 960.0, 540.0], "bbox": [964.0, 36.0, 630.0, 731.0], "trans_mat": [0.0, 0.0, 6.22], "area": 269815, "image_id": 47, "rot_mat": [[-0.8203031420707703, -0.3763574957847595, -0.4306480586528778], [-0.5512213110923767, 0.7210366725921631, 0.4198346734046936], [0.15250511467456818, 0.581774115562439, -0.7989249229431152]], "voxel": "./models/BoxC/model.mat"}, {"id": 48, "iscrowd": 0, "segmentation": "./masks/BoxC/15.png", "model": "./models/BoxC/model.obj", "category_id": 3, "K": [2666.6666666666665, 960.0, 540.0], "bbox": [363.0, 169.0, 557.0, 712.0], "trans_mat": [1.4, -0.4, 6.22], "area": 266219, "image_id": 48, "rot_mat": [[-0.7247693538665771, -0.12015554308891296, -0.6784335374832153], [-0.4670819342136383, 0.8095552921295166, 0.3556046485900879], [0.5065016150474548, 0.5746154189109802, -0.6428633332252502]], "voxel": "./models/BoxC/model.mat"}, {"id": 49, "iscrowd": 0, "segmentation": "./masks/BoxD/0.png", "model": "./models/BoxD/model.obj", "category_id": 4, "K": [2666.6666666666665, 960.0, 540.0], "bbox": [785.0, 506.0, 437.0, 386.0], "trans_mat": [0.05, 0.11, 8.27], "area": 124937, "image_id": 49, "rot_mat": [[-0.8252366185188293, 0.5645979046821594, -0.014619189314544201], [-0.23507453501224518, -0.3668990135192871, -0.9000694751739502], [-0.5135411024093628, -0.7393336892127991, 0.4355010986328125]], "voxel": "./models/BoxD/model.mat"}, {"id": 50, "iscrowd": 0, "segmentation": "./masks/BoxD/1.png", "model": "./models/BoxD/model.obj", "category_id": 4, "K": [2666.6666666666665, 960.0, 540.0], "bbox": [349.0, 160.0, 787.0, 655.0], "trans_mat": [0.87, -0.35, 4.37], "area": 395744, "image_id": 50, "rot_mat": [[-0.9126750230789185, 0.13366353511810303, -0.38621020317077637], [0.17410248517990112, 0.9821263551712036, -0.0715271383523941], [0.3697466552257538, -0.13252119719982147, -0.9196333885192871]], "voxel": "./models/BoxD/model.mat"}, {"id": 51, "iscrowd": 0, "segmentation": "./masks/BoxD/2.png", "model": "./models/BoxD/model.obj", "category_id": 4, "K": [2666.6666666666665, 960.0, 540.0], "bbox": [431.0, 285.0, 831.0, 664.0], "trans_mat": [0.87, -0.35, 4.37], "area": 423802, "image_id": 51, "rot_mat": [[-0.8094671964645386, -0.2815244793891907, -0.5152735710144043], [-0.06512806564569473, 0.9151955246925354, -0.3977128267288208], [0.5835419297218323, -0.28837671875953674, -0.7591558694839478]], "voxel": "./models/BoxD/model.mat"}, {"id": 52, "iscrowd": 0, "segmentation": "./masks/BoxD/3.png", "model": "./models/BoxD/model.obj", "category_id": 4, "K": [2666.6666666666665, 960.0, 540.0], "bbox": [497.0, 59.0, 608.0, 480.0], "trans_mat": [0.0, 0.0, 5.62], "area": 185770, "image_id": 52, "rot_mat": [[0.5210095643997192, 0.6785853505134583, -0.5177556872367859], [0.0, 0.6065903306007385, 0.7950145602226257], [0.8535508513450623, -0.4142102003097534, 0.3160393536090851]], "voxel": "./models/BoxD/model.mat"}, {"id": 53, "iscrowd": 0, "segmentation": "./masks/BoxD/4.png", "model": "./models/BoxD/model.obj", "category_id": 4, "K": [2666.6666666666665, 960.0, 540.0], "bbox": [0.0, 44.0, 556.0, 482.0], "trans_mat": [1.2, 0.03, 5.62], "area": 162787, "image_id": 53, "rot_mat": [[0.5210095643997192, 0.6785853505134583, -0.5177556872367859], [0.0, 0.6065903306007385, 0.7950145602226257], [0.8535508513450623, -0.4142102003097534, 0.3160393536090851]], "voxel": "./models/BoxD/model.mat"}, {"id": 54, "iscrowd": 0, "segmentation": "./masks/BoxD/5.png", "model": "./models/BoxD/model.obj", "category_id": 4, "K": [2666.6666666666665, 960.0, 540.0], "bbox": [342.0, 468.0, 552.0, 517.0], "trans_mat": [1.19, -0.95, 5.67], "area": 230966, "image_id": 54, "rot_mat": [[-0.9344508051872253, 0.28952282667160034, -0.2073119729757309], [0.09327080845832825, 0.7608634233474731, 0.6421740055084229], [0.3436601161956787, 0.5807438492774963, -0.7379934787750244]], "voxel": "./models/BoxD/model.mat"}, {"id": 55, "iscrowd": 0, "segmentation": "./masks/BoxD/6.png", "model": "./models/BoxD/model.obj", "category_id": 4, "K": [2666.6666666666665, 960.0, 540.0], "bbox": [1172.0, 74.0, 638.0, 493.0], "trans_mat": [-0.72, -0.06, 5.67], "area": 238758, "image_id": 55, "rot_mat": [[-0.9344508051872253, 0.28952282667160034, -0.2073119729757309], [0.09327080845832825, 0.7608634233474731, 0.6421740055084229], [0.3436601161956787, 0.5807438492774963, -0.7379934787750244]], "voxel": "./models/BoxD/model.mat"}, {"id": 56, "iscrowd": 0, "segmentation": "./masks/BoxD/7.png", "model": "./models/BoxD/model.obj", "category_id": 4, "K": [2666.6666666666665, 960.0, 540.0], "bbox": [1220.0, 53.0, 603.0, 514.0], "trans_mat": [-0.72, -0.06, 5.67], "area": 247980, "image_id": 56, "rot_mat": [[-0.9884610772132874, 0.14877787232398987, -0.028457116335630417], [0.09866176545619965, 0.774911642074585, 0.6243218183517456], [0.11493702977895737, 0.6143102049827576, -0.7806487083435059]], "voxel": "./models/BoxD/model.mat"}, {"id": 57, "iscrowd": 0, "segmentation": "./masks/BoxD/8.png", "model": "./models/BoxD/model.obj", "category_id": 4, "K": [2666.6666666666665, 960.0, 540.0], "bbox": [1220.0, 458.0, 603.0, 523.0], "trans_mat": [-0.72, -0.94, 5.67], "area": 247296, "image_id": 57, "rot_mat": [[-0.9884610772132874, 0.14877787232398987, -0.028457116335630417], [0.09866176545619965, 0.774911642074585, 0.6243218183517456], [0.11493702977895737, 0.6143102049827576, -0.7806487083435059]], "voxel": "./models/BoxD/model.mat"}, {"id": 58, "iscrowd": 0, "segmentation": "./masks/BoxD/9.png", "model": "./models/BoxD/model.obj", "category_id": 4, "K": [2666.6666666666665, 960.0, 540.0], "bbox": [962.0, 179.0, 569.0, 576.0], "trans_mat": [0.0, 0.0, 6.22], "area": 201491, "image_id": 58, "rot_mat": [[-0.7970553040504456, -0.33815982937812805, -0.5003506541252136], [-0.5355993509292603, 0.7785919904708862, 0.32699820399284363], [0.27899137139320374, 0.5286231637001038, -0.8016990423202515]], "voxel": "./models/BoxD/model.mat"}, {"id": 59, "iscrowd": 0, "segmentation": "./masks/BoxD/10.png", "model": "./models/BoxD/model.obj", "category_id": 4, "K": [2666.6666666666665, 960.0, 540.0], "bbox": [361.0, 357.0, 460.0, 437.0], "trans_mat": [1.4, -0.4, 6.22], "area": 164146, "image_id": 59, "rot_mat": [[-0.4319303035736084, -0.05529102683067322, -0.9002106189727783], [-0.2783600687980652, 0.9575639367103577, 0.07474634796380997], [0.8578763604164124, 0.2828679084777832, -0.4289916753768921]], "voxel": "./models/BoxD/model.mat"}, {"id": 60, "iscrowd": 0, "segmentation": "./masks/BoxD/11.png", "model": "./models/BoxD/model.obj", "category_id": 4, "K": [2666.6666666666665, 960.0, 540.0], "bbox": [431.0, 354.0, 834.0, 670.0], "trans_mat": [0.87, -0.45, 4.37], "area": 428491, "image_id": 60, "rot_mat": [[-0.8094671964645386, -0.2917729616165161, -0.5095403790473938], [-0.06512806564569473, 0.9070587754249573, -0.4159359931945801], [0.5835419297218323, -0.303501158952713, -0.7532368898391724]], "voxel": "./models/BoxD/model.mat"}, {"id": 61, "iscrowd": 0, "segmentation": "./masks/BoxD/12.png", "model": "./models/BoxD/model.obj", "category_id": 4, "K": [2666.6666666666665, 960.0, 540.0], "bbox": [563.0, 63.0, 560.0, 476.0], "trans_mat": [0.0, 0.0, 5.62], "area": 156530, "image_id": 61, "rot_mat": [[0.34104976058006287, 0.7473496794700623, -0.5702223181724548], [0.0, 0.6065903306007385, 0.7950145602226257], [0.9400452375411987, -0.271139532327652, 0.20687748491764069]], "voxel": "./models/BoxD/model.mat"}, {"id": 62, "iscrowd": 0, "segmentation": "./masks/BoxD/13.png", "model": "./models/BoxD/model.obj", "category_id": 4, "K": [2666.6666666666665, 960.0, 540.0], "bbox": [0.0, 41.0, 541.0, 477.0], "trans_mat": [1.2, 0.05, 5.62], "area": 162109, "image_id": 62, "rot_mat": [[0.5210095643997192, 0.7131367921829224, -0.46902549266815186], [0.0, 0.5494992136955261, 0.8354942202568054], [0.8535508513450623, -0.4353004992008209, 0.2862943410873413]], "voxel": "./models/BoxD/model.mat"}, {"id": 63, "iscrowd": 0, "segmentation": "./masks/BoxD/14.png", "model": "./models/BoxD/model.obj", "category_id": 4, "K": [2666.6666666666665, 960.0, 540.0], "bbox": [963.0, 177.0, 579.0, 589.0], "trans_mat": [0.0, 0.0, 6.22], "area": 199813, "image_id": 63, "rot_mat": [[-0.8203031420707703, -0.3763574957847595, -0.4306480586528778], [-0.5512213110923767, 0.7210366725921631, 0.4198346734046936], [0.15250511467456818, 0.581774115562439, -0.7989249229431152]], "voxel": "./models/BoxD/model.mat"}, {"id": 64, "iscrowd": 0, "segmentation": "./masks/BoxD/15.png", "model": "./models/BoxD/model.obj", "category_id": 4, "K": [2666.6666666666665, 960.0, 540.0], "bbox": [362.0, 338.0, 534.0, 542.0], "trans_mat": [1.4, -0.4, 6.22], "area": 191538, "image_id": 64, "rot_mat": [[-0.7247693538665771, -0.12015554308891296, -0.6784335374832153], [-0.4670819342136383, 0.8095552921295166, 0.3556046485900879], [0.5065016150474548, 0.5746154189109802, -0.6428633332252502]], "voxel": "./models/BoxD/model.mat"}, {"id": 65, "iscrowd": 0, "segmentation": "./masks/BoxF/0.png", "model": "./models/BoxF/model.obj", "category_id": 5, "K": [2666.6666666666665, 960.0, 540.0], "bbox": [786.0, 506.0, 418.0, 414.0], "trans_mat": [0.05, 0.11, 8.27], "area": 132086, "image_id": 65, "rot_mat": [[-0.8252366185188293, 0.5645979046821594, -0.014619189314544201], [-0.23507453501224518, -0.3668990135192871, -0.9000694751739502], [-0.5135411024093628, -0.7393336892127991, 0.4355010986328125]], "voxel": "./models/BoxF/model.mat"}, {"id": 66, "iscrowd": 0, "segmentation": "./masks/BoxF/1.png", "model": "./models/BoxF/model.obj", "category_id": 5, "K": [2666.6666666666665, 960.0, 540.0], "bbox": [350.0, 164.0, 787.0, 666.0], "trans_mat": [0.87, -0.35, 4.37], "area": 402742, "image_id": 66, "rot_mat": [[-0.9126750230789185, 0.13366353511810303, -0.38621020317077637], [0.17410248517990112, 0.9821263551712036, -0.0715271383523941], [0.3697466552257538, -0.13252119719982147, -0.9196333885192871]], "voxel": "./models/BoxF/model.mat"}, {"id": 67, "iscrowd": 0, "segmentation": "./masks/BoxF/2.png", "model": "./models/BoxF/model.obj", "category_id": 5, "K": [2666.6666666666665, 960.0, 540.0], "bbox": [431.0, 290.0, 848.0, 702.0], "trans_mat": [0.87, -0.35, 4.37], "area": 450903, "image_id": 67, "rot_mat": [[-0.8094671964645386, -0.2815244793891907, -0.5152735710144043], [-0.06512806564569473, 0.9151955246925354, -0.3977128267288208], [0.5835419297218323, -0.28837671875953674, -0.7591558694839478]], "voxel": "./models/BoxF/model.mat"}, {"id": 68, "iscrowd": 0, "segmentation": "./masks/BoxF/3.png", "model": "./models/BoxF/model.obj", "category_id": 5, "K": [2666.6666666666665, 960.0, 540.0], "bbox": [509.0, 18.0, 624.0, 521.0], "trans_mat": [0.0, 0.0, 5.62], "area": 204522, "image_id": 68, "rot_mat": [[0.5210095643997192, 0.6785853505134583, -0.5177556872367859], [0.0, 0.6065903306007385, 0.7950145602226257], [0.8535508513450623, -0.4142102003097534, 0.3160393536090851]], "voxel": "./models/BoxF/model.mat"}, {"id": 69, "iscrowd": 0, "segmentation": "./masks/BoxF/4.png", "model": "./models/BoxF/model.obj", "category_id": 5, "K": [2666.6666666666665, 960.0, 540.0], "bbox": [0.0, 3.0, 587.0, 523.0], "trans_mat": [1.2, 0.03, 5.62], "area": 182852, "image_id": 69, "rot_mat": [[0.5210095643997192, 0.6785853505134583, -0.5177556872367859], [0.0, 0.6065903306007385, 0.7950145602226257], [0.8535508513450623, -0.4142102003097534, 0.3160393536090851]], "voxel": "./models/BoxF/model.mat"}, {"id": 70, "iscrowd": 0, "segmentation": "./masks/BoxF/5.png", "model": "./models/BoxF/model.obj", "category_id": 5, "K": [2666.6666666666665, 960.0, 540.0], "bbox": [342.0, 436.0, 536.0, 549.0], "trans_mat": [1.19, -0.95, 5.67], "area": 239574, "image_id": 70, "rot_mat": [[-0.9344508051872253, 0.28952282667160034, -0.2073119729757309], [0.09327080845832825, 0.7608634233474731, 0.6421740055084229], [0.3436601161956787, 0.5807438492774963, -0.7379934787750244]], "voxel": "./models/BoxF/model.mat"}, {"id": 71, "iscrowd": 0, "segmentation": "./masks/BoxF/6.png", "model": "./models/BoxF/model.obj", "category_id": 5, "K": [2666.6666666666665, 960.0, 540.0], "bbox": [1173.0, 34.0, 640.0, 533.0], "trans_mat": [-0.72, -0.06, 5.67], "area": 256138, "image_id": 71, "rot_mat": [[-0.9344508051872253, 0.28952282667160034, -0.2073119729757309], [0.09327080845832825, 0.7608634233474731, 0.6421740055084229], [0.3436601161956787, 0.5807438492774963, -0.7379934787750244]], "voxel": "./models/BoxF/model.mat"}, {"id": 72, "iscrowd": 0, "segmentation": "./masks/BoxF/7.png", "model": "./models/BoxF/model.obj", "category_id": 5, "K": [2666.6666666666665, 960.0, 540.0], "bbox": [1221.0, 14.0, 591.0, 553.0], "trans_mat": [-0.72, -0.06, 5.67], "area": 261604, "image_id": 72, "rot_mat": [[-0.9884610772132874, 0.14877787232398987, -0.028457116335630417], [0.09866176545619965, 0.774911642074585, 0.6243218183517456], [0.11493702977895737, 0.6143102049827576, -0.7806487083435059]], "voxel": "./models/BoxF/model.mat"}, {"id": 73, "iscrowd": 0, "segmentation": "./masks/BoxF/8.png", "model": "./models/BoxF/model.obj", "category_id": 5, "K": [2666.6666666666665, 960.0, 540.0], "bbox": [1220.0, 426.0, 592.0, 555.0], "trans_mat": [-0.72, -0.94, 5.67], "area": 257393, "image_id": 73, "rot_mat": [[-0.9884610772132874, 0.14877787232398987, -0.028457116335630417], [0.09866176545619965, 0.774911642074585, 0.6243218183517456], [0.11493702977895737, 0.6143102049827576, -0.7806487083435059]], "voxel": "./models/BoxF/model.mat"}, {"id": 74, "iscrowd": 0, "segmentation": "./masks/BoxF/9.png", "model": "./models/BoxF/model.obj", "category_id": 5, "K": [2666.6666666666665, 960.0, 540.0], "bbox": [962.0, 158.0, 584.0, 585.0], "trans_mat": [0.0, 0.0, 6.22], "area": 212145, "image_id": 74, "rot_mat": [[-0.7970553040504456, -0.33815982937812805, -0.5003506541252136], [-0.5355993509292603, 0.7785919904708862, 0.32699820399284363], [0.27899137139320374, 0.5286231637001038, -0.8016990423202515]], "voxel": "./models/BoxF/model.mat"}, {"id": 75, "iscrowd": 0, "segmentation": "./masks/BoxF/10.png", "model": "./models/BoxF/model.obj", "category_id": 5, "K": [2666.6666666666665, 960.0, 540.0], "bbox": [361.0, 354.0, 490.0, 435.0], "trans_mat": [1.4, -0.4, 6.22], "area": 176978, "image_id": 75, "rot_mat": [[-0.4319303035736084, -0.05529102683067322, -0.9002106189727783], [-0.2783600687980652, 0.9575639367103577, 0.07474634796380997], [0.8578763604164124, 0.2828679084777832, -0.4289916753768921]], "voxel": "./models/BoxF/model.mat"}, {"id": 76, "iscrowd": 0, "segmentation": "./masks/BoxF/11.png", "model": "./models/BoxF/model.obj", "category_id": 5, "K": [2666.6666666666665, 960.0, 540.0], "bbox": [431.0, 358.0, 851.0, 713.0], "trans_mat": [0.87, -0.45, 4.37], "area": 457279, "image_id": 76, "rot_mat": [[-0.8094671964645386, -0.2917729616165161, -0.5095403790473938], [-0.06512806564569473, 0.9070587754249573, -0.4159359931945801], [0.5835419297218323, -0.303501158952713, -0.7532368898391724]], "voxel": "./models/BoxF/model.mat"}, {"id": 77, "iscrowd": 0, "segmentation": "./masks/BoxF/12.png", "model": "./models/BoxF/model.obj", "category_id": 5, "K": [2666.6666666666665, 960.0, 540.0], "bbox": [570.0, 21.0, 584.0, 518.0], "trans_mat": [0.0, 0.0, 5.62], "area": 176118, "image_id": 77, "rot_mat": [[0.34104976058006287, 0.7473496794700623, -0.5702223181724548], [0.0, 0.6065903306007385, 0.7950145602226257], [0.9400452375411987, -0.271139532327652, 0.20687748491764069]], "voxel": "./models/BoxF/model.mat"}, {"id": 78, "iscrowd": 0, "segmentation": "./masks/BoxF/13.png", "model": "./models/BoxF/model.obj", "category_id": 5, "K": [2666.6666666666665, 960.0, 540.0], "bbox": [0.0, 0.0, 569.0, 518.0], "trans_mat": [1.2, 0.05, 5.62], "area": 183103, "image_id": 78, "rot_mat": [[0.5210095643997192, 0.7131367921829224, -0.46902549266815186], [0.0, 0.5494992136955261, 0.8354942202568054], [0.8535508513450623, -0.4353004992008209, 0.2862943410873413]], "voxel": "./models/BoxF/model.mat"}, {"id": 79, "iscrowd": 0, "segmentation": "./masks/BoxF/14.png", "model": "./models/BoxF/model.obj", "category_id": 5, "K": [2666.6666666666665, 960.0, 540.0], "bbox": [963.0, 151.0, 590.0, 601.0], "trans_mat": [0.0, 0.0, 6.22], "area": 208869, "image_id": 79, "rot_mat": [[-0.8203031420707703, -0.3763574957847595, -0.4306480586528778], [-0.5512213110923767, 0.7210366725921631, 0.4198346734046936], [0.15250511467456818, 0.581774115562439, -0.7989249229431152]], "voxel": "./models/BoxF/model.mat"}, {"id": 80, "iscrowd": 0, "segmentation": "./masks/BoxF/15.png", "model": "./models/BoxF/model.obj", "category_id": 5, "K": [2666.6666666666665, 960.0, 540.0], "bbox": [362.0, 319.0, 549.0, 552.0], "trans_mat": [1.4, -0.4, 6.22], "area": 201776, "image_id": 80, "rot_mat": [[-0.7247693538665771, -0.12015554308891296, -0.6784335374832153], [-0.4670819342136383, 0.8095552921295166, 0.35560464859